0156
0115
0191
0049
0119
0080
0072
0103
0127
0126
0082
0007
0010
0046
0070
0005
0008
0078
0040
0167
0069
0029
0132
0161
0174
0018
0065
0185
0193
0116
0181
0176
0056
0030
0044
0147
0142
0106
0152
0043
0025
0002
0141
0090
0088
0097
0096
0182
0014
0013
0001
0199
0095
0110
0059
0032
0021
0117
0139
0038
0130
0109
0028
0009
0178
0052
0091
0081
0175
0035
0183
0071
0085
0031
0107
0020
0022
0121
0192
0073
0128
0190
0111
0144
0145
0196
0034
0137
0060
0063
0061
0042
0125
0160
0054
0104
0100
0140
0083
0105
0019
0087
0093
0062
0177
0170
0180
0131
0099
0151
0187
0050
0079
0094
0074
0077
0148
0102
0036
0197
0133
0011
0164
0149
0186
0086
0184
0075
0146
0166
0058
0064
0003
0027
0004
0066
0016
0112
0171
0051
0155
0179
0168
0089
0118
0173
0123
0068
0154
0188
